solid OpenSCAD_Model
  facet normal 0.92388 0.382683 0
    outer loop
      vertex 60 0 -301.5
      vertex 42.4264 42.4264 -304.5
      vertex 42.4264 42.4264 -301.5
    endloop
  endfacet
  facet normal 0.92388 0.382683 0
    outer loop
      vertex 42.4264 42.4264 -304.5
      vertex 60 0 -301.5
      vertex 60 0 -304.5
    endloop
  endfacet
  facet normal -0.92388 0.382683 0
    outer loop
      vertex -60 0 -304.5
      vertex -42.4264 42.4264 -301.5
      vertex -42.4264 42.4264 -304.5
    endloop
  endfacet
  facet normal -0.92388 0.382683 0
    outer loop
      vertex -42.4264 42.4264 -301.5
      vertex -60 0 -304.5
      vertex -60 0 -301.5
    endloop
  endfacet
  facet normal 0.382683 0.92388 -0
    outer loop
      vertex 42.4264 42.4264 -304.5
      vertex 0 60 -301.5
      vertex 42.4264 42.4264 -301.5
    endloop
  endfacet
  facet normal 0.382683 0.92388 0
    outer loop
      vertex 0 60 -301.5
      vertex 42.4264 42.4264 -304.5
      vertex 0 60 -304.5
    endloop
  endfacet
  facet normal 0 0 -1
    outer loop
      vertex 7.5 -7.5 -304.5
      vertex 60 0 -304.5
      vertex 42.4264 -42.4264 -304.5
    endloop
  endfacet
  facet normal 0 0 -1
    outer loop
      vertex 7.5 7.5 -304.5
      vertex 60 0 -304.5
      vertex 7.5 -7.5 -304.5
    endloop
  endfacet
  facet normal 0 0 -1
    outer loop
      vertex 0 -60 -304.5
      vertex 7.5 -7.5 -304.5
      vertex 42.4264 -42.4264 -304.5
    endloop
  endfacet
  facet normal 0 0 -1
    outer loop
      vertex 0 -60 -304.5
      vertex -7.5 -7.5 -304.5
      vertex 7.5 -7.5 -304.5
    endloop
  endfacet
  facet normal 0 0 -1
    outer loop
      vertex -60 0 -304.5
      vertex -7.5 -7.5 -304.5
      vertex -42.4264 -42.4264 -304.5
    endloop
  endfacet
  facet normal 0 0 -1
    outer loop
      vertex -42.4264 -42.4264 -304.5
      vertex -7.5 -7.5 -304.5
      vertex 0 -60 -304.5
    endloop
  endfacet
  facet normal 0 0 -1
    outer loop
      vertex 60 0 -304.5
      vertex 7.5 7.5 -304.5
      vertex 42.4264 42.4264 -304.5
    endloop
  endfacet
  facet normal 0 0 -1
    outer loop
      vertex 7.5 7.5 -304.5
      vertex 0 60 -304.5
      vertex 42.4264 42.4264 -304.5
    endloop
  endfacet
  facet normal 0 0 -1
    outer loop
      vertex -7.5 7.5 -304.5
      vertex 0 60 -304.5
      vertex 7.5 7.5 -304.5
    endloop
  endfacet
  facet normal 0 0 -1
    outer loop
      vertex -7.5 -7.5 -304.5
      vertex -60 0 -304.5
      vertex -7.5 7.5 -304.5
    endloop
  endfacet
  facet normal 0 0 -1
    outer loop
      vertex -7.5 7.5 -304.5
      vertex -42.4264 42.4264 -304.5
      vertex 0 60 -304.5
    endloop
  endfacet
  facet normal -0 0 -1
    outer loop
      vertex -7.5 7.5 -304.5
      vertex -60 0 -304.5
      vertex -42.4264 42.4264 -304.5
    endloop
  endfacet
  facet normal -0.382683 0.92388 0
    outer loop
      vertex 0 60 -304.5
      vertex -42.4264 42.4264 -301.5
      vertex 0 60 -301.5
    endloop
  endfacet
  facet normal -0.382683 0.92388 0
    outer loop
      vertex -42.4264 42.4264 -301.5
      vertex 0 60 -304.5
      vertex -42.4264 42.4264 -304.5
    endloop
  endfacet
  facet normal 0.382683 -0.92388 0
    outer loop
      vertex 0 -60 -304.5
      vertex 42.4264 -42.4264 -301.5
      vertex 0 -60 -301.5
    endloop
  endfacet
  facet normal 0.382683 -0.92388 0
    outer loop
      vertex 42.4264 -42.4264 -301.5
      vertex 0 -60 -304.5
      vertex 42.4264 -42.4264 -304.5
    endloop
  endfacet
  facet normal -0.92388 -0.382683 0
    outer loop
      vertex -42.4264 -42.4264 -304.5
      vertex -60 0 -301.5
      vertex -60 0 -304.5
    endloop
  endfacet
  facet normal -0.92388 -0.382683 0
    outer loop
      vertex -60 0 -301.5
      vertex -42.4264 -42.4264 -304.5
      vertex -42.4264 -42.4264 -301.5
    endloop
  endfacet
  facet normal 0.92388 -0.382683 0
    outer loop
      vertex 42.4264 -42.4264 -301.5
      vertex 60 0 -304.5
      vertex 60 0 -301.5
    endloop
  endfacet
  facet normal 0.92388 -0.382683 0
    outer loop
      vertex 60 0 -304.5
      vertex 42.4264 -42.4264 -301.5
      vertex 42.4264 -42.4264 -304.5
    endloop
  endfacet
  facet normal -0.382683 -0.92388 0
    outer loop
      vertex -42.4264 -42.4264 -304.5
      vertex 0 -60 -301.5
      vertex -42.4264 -42.4264 -301.5
    endloop
  endfacet
  facet normal -0.382683 -0.92388 -0
    outer loop
      vertex 0 -60 -301.5
      vertex -42.4264 -42.4264 -304.5
      vertex 0 -60 -304.5
    endloop
  endfacet
  facet normal -0 0 1
    outer loop
      vertex 10 10 -301.5
      vertex 60 0 -301.5
      vertex 42.4264 42.4264 -301.5
    endloop
  endfacet
  facet normal 0 0 1
    outer loop
      vertex 10 -10 -301.5
      vertex 60 0 -301.5
      vertex 10 10 -301.5
    endloop
  endfacet
  facet normal 0 0 1
    outer loop
      vertex 0 60 -301.5
      vertex 10 10 -301.5
      vertex 42.4264 42.4264 -301.5
    endloop
  endfacet
  facet normal 0 0 1
    outer loop
      vertex 0 60 -301.5
      vertex -10 10 -301.5
      vertex 10 10 -301.5
    endloop
  endfacet
  facet normal 0 0 1
    outer loop
      vertex -60 0 -301.5
      vertex -10 10 -301.5
      vertex -42.4264 42.4264 -301.5
    endloop
  endfacet
  facet normal -0 0 1
    outer loop
      vertex -42.4264 42.4264 -301.5
      vertex -10 10 -301.5
      vertex 0 60 -301.5
    endloop
  endfacet
  facet normal 0 0 1
    outer loop
      vertex 60 0 -301.5
      vertex 10 -10 -301.5
      vertex 42.4264 -42.4264 -301.5
    endloop
  endfacet
  facet normal 0 0 1
    outer loop
      vertex 10 -10 -301.5
      vertex 0 -60 -301.5
      vertex 42.4264 -42.4264 -301.5
    endloop
  endfacet
  facet normal -0 0 1
    outer loop
      vertex -10 -10 -301.5
      vertex 0 -60 -301.5
      vertex 10 -10 -301.5
    endloop
  endfacet
  facet normal 0 0 1
    outer loop
      vertex -10 10 -301.5
      vertex -60 0 -301.5
      vertex -10 -10 -301.5
    endloop
  endfacet
  facet normal 0 0 1
    outer loop
      vertex -10 -10 -301.5
      vertex -42.4264 -42.4264 -301.5
      vertex 0 -60 -301.5
    endloop
  endfacet
  facet normal 0 0 1
    outer loop
      vertex -10 -10 -301.5
      vertex -60 0 -301.5
      vertex -42.4264 -42.4264 -301.5
    endloop
  endfacet
  facet normal -1 0 0
    outer loop
      vertex -10 -10 -301.5
      vertex -10 10 -289.5
      vertex -10 10 -301.5
    endloop
  endfacet
  facet normal -1 -0 0
    outer loop
      vertex -10 10 -289.5
      vertex -10 -10 -301.5
      vertex -10 -10 -289.5
    endloop
  endfacet
  facet normal 0 0 1
    outer loop
      vertex 10 10 -289.5
      vertex 7.5 7.5 -289.5
      vertex 10 -10 -289.5
    endloop
  endfacet
  facet normal 0 0 1
    outer loop
      vertex 10 10 -289.5
      vertex -7.5 7.5 -289.5
      vertex 7.5 7.5 -289.5
    endloop
  endfacet
  facet normal 0 0 1
    outer loop
      vertex -7.5 7.5 -289.5
      vertex -10 10 -289.5
      vertex -7.5 -7.5 -289.5
    endloop
  endfacet
  facet normal -0 0 1
    outer loop
      vertex -10 10 -289.5
      vertex -7.5 7.5 -289.5
      vertex 10 10 -289.5
    endloop
  endfacet
  facet normal -0 0 1
    outer loop
      vertex 7.5 -7.5 -289.5
      vertex 10 -10 -289.5
      vertex 7.5 7.5 -289.5
    endloop
  endfacet
  facet normal -0 0 1
    outer loop
      vertex -7.5 -7.5 -289.5
      vertex 10 -10 -289.5
      vertex 7.5 -7.5 -289.5
    endloop
  endfacet
  facet normal 0 0 1
    outer loop
      vertex -7.5 -7.5 -289.5
      vertex -10 -10 -289.5
      vertex 10 -10 -289.5
    endloop
  endfacet
  facet normal 0 0 1
    outer loop
      vertex -10 -10 -289.5
      vertex -7.5 -7.5 -289.5
      vertex -10 10 -289.5
    endloop
  endfacet
  facet normal 1 -0 0
    outer loop
      vertex 10 -10 -289.5
      vertex 10 10 -301.5
      vertex 10 10 -289.5
    endloop
  endfacet
  facet normal 1 0 0
    outer loop
      vertex 10 10 -301.5
      vertex 10 -10 -289.5
      vertex 10 -10 -301.5
    endloop
  endfacet
  facet normal 0 1 -0
    outer loop
      vertex 10 10 -301.5
      vertex -10 10 -289.5
      vertex 10 10 -289.5
    endloop
  endfacet
  facet normal 0 1 0
    outer loop
      vertex -10 10 -289.5
      vertex 10 10 -301.5
      vertex -10 10 -301.5
    endloop
  endfacet
  facet normal 0 -1 0
    outer loop
      vertex -10 -10 -301.5
      vertex 10 -10 -289.5
      vertex -10 -10 -289.5
    endloop
  endfacet
  facet normal 0 -1 -0
    outer loop
      vertex 10 -10 -289.5
      vertex -10 -10 -301.5
      vertex 10 -10 -301.5
    endloop
  endfacet
  facet normal 1 -0 0
    outer loop
      vertex -7.5 -7.5 -289.5
      vertex -7.5 7.5 -304.5
      vertex -7.5 7.5 -289.5
    endloop
  endfacet
  facet normal 1 0 0
    outer loop
      vertex -7.5 7.5 -304.5
      vertex -7.5 -7.5 -289.5
      vertex -7.5 -7.5 -304.5
    endloop
  endfacet
  facet normal -1 0 0
    outer loop
      vertex 7.5 -7.5 -304.5
      vertex 7.5 7.5 -289.5
      vertex 7.5 7.5 -304.5
    endloop
  endfacet
  facet normal -1 -0 0
    outer loop
      vertex 7.5 7.5 -289.5
      vertex 7.5 -7.5 -304.5
      vertex 7.5 -7.5 -289.5
    endloop
  endfacet
  facet normal 0 -1 0
    outer loop
      vertex -7.5 7.5 -304.5
      vertex 7.5 7.5 -289.5
      vertex -7.5 7.5 -289.5
    endloop
  endfacet
  facet normal 0 -1 -0
    outer loop
      vertex 7.5 7.5 -289.5
      vertex -7.5 7.5 -304.5
      vertex 7.5 7.5 -304.5
    endloop
  endfacet
  facet normal 0 1 -0
    outer loop
      vertex 7.5 -7.5 -304.5
      vertex -7.5 -7.5 -289.5
      vertex 7.5 -7.5 -289.5
    endloop
  endfacet
  facet normal 0 1 0
    outer loop
      vertex -7.5 -7.5 -289.5
      vertex 7.5 -7.5 -304.5
      vertex -7.5 -7.5 -304.5
    endloop
  endfacet
endsolid OpenSCAD_Model
